994707939353
994517056105
994504902277
994706120115
994705704068
994503254371
994509986101
994557929311
994708789051
994553543981
994708811578
994505760039
994553550792
994505115542
994556546423
994518274215
994513601279
994506362403
994702333350
994557336911
994702509495
994705120573
994558856626
994557170066
994518162478
994552146334
994552047994
994554178337
994553476838
994503046154
994556020622
994558368573
994503553455
994517070117
994504825400
994555605109
994503951614
994516569098
994503795710
994512327897
994504660614
994506871614
994706838389
994557024408
994774772574
994503679264
994505489196
994518152059
994514361661
994507587376
994504148855
994559997896
994516521221
994505970748
994557074212
994558273780
994772505591
994505128328
994503335968
994707329154
994503834971
994512407682
994556683982
994506731210
994705973007
994556211211
994553345499
994556229292
994556312171
994518230330
994555609947
994557981019
994708688178
994552546708
994503377534
994505673854
994503637253
994506630528
994508887802
994555542538
994559313837
994777118911
994703273290
994503237479
994555662004
994554485145
994503101795
994514093854
994709430393
994706015847
994506491632
994505455272
994518720808
994559220205
994512772250
994775907146
994557632629
994506441519
994709448324
994506202622
994505897339
994519208973
994512709568
994557122324
994776071234
994558407628
994705912399
994556160807
994504014386
994706405740
994706850146
994702353516
994505465850
994506350648
994558788422
994557519660
994551234578
994552596795
994558902522
994558313542
994502341014
994706125844
994504370127
994505406005
994557519189
994557344207
994515153663
994708303748
994557547320
994519767679
994505816992
994509818322
994509625945
994507342029
994506249607
994506642610
994558410066
994504234279
994552911111
994702705857
994505128328
994776003702
994556773515
994557741128
994554221212
994515926330
994507765076
994506850770
994702568169
994552608813
994555749192
994557798661
994557176196
994558358743
994703433995
994505635266
994554970101
994705789896
994504573121
994556842407
994503717243
994506696883
994552791929
994503031058
994504136141
994505541297
994513415911
994559404147
994507942500
994503297902
994505369149
994702073753
994505637949
994502818870
994558761555
994503212031
994506751422
994519906065
994517526468
994709799151
994558962407
994504551519
994503713953
994507606602
994556125193
994518718318
994502891239
994774112911
994557759587
994559535426
994505699482
994505294494
994773713141
994775162626
994515572980
994502148446
994703123612
994707177989
994702555050
994552553225
994554942023
994506756457
994102125465
994708275338
994557103489
994703890740
994558789744
994503749090
994502991781
994558400207
994706628729
994555701100
994504609424
994515214479
994506792794
994557619649
994505157644
994559246408
994559240659
994558766027
994503735231
994552772102
994504770943
994503150623
994503410414
994519661585
994504034496
994502504123
994558412716
994507006707
994556011860
994553914989
994705562377
994559012980
994507629290
994556350848
994558967082
994559737337
994503421862
994512442910
994503297402
994553704279
994503071121
994559274159
994503359455
994519888080
994557694295
994773283285
994515442006
994708508934
994503252711
994507635101
994558685347
994556547081
994556828638
994507705777
994552301718
994555700857
994518944504
994507510727
994507426268
994556769787
994708688278
994513114084
994557034433
994708213142
994775889949
994503547203
994504259299
994703668011
994507520683
994508605094
994509821749
994505887274
994505313240
994558197325
994552956894
994999899911
994554970130
994555701801
994553313475
994505539359
994775651014
994555567075
994556577917
994505887208
994776038387
994558277772
994705613312
994705540048
994553873425
994556650891
994555538006
994559110901
994553711050
994504374371
994555209394
994705173463
994502124501
994703100402
994504044720
994506629193
994705741847
994553823837
994503701101
994503223804
994506345536
994504676786
994507933598
994515209534
994703565477
994708539882
994556060810
994558225470
994519411001
994553723584
994709228180
994505504791
994773600083
994517794557
994705480777
994558377202
994706469596
994706364338
994503259437
994518868136
994702493989
994505610806
994513940552
994514610134
994558945353
994505448383
994708315505
994555708670
994557673804
994704310171
994556623168
994556612634
994504080778
994506264680
994774111916
994555051019
994775889980
994555701869
994503573132
994775471890
994506364181
994702279995
994557395738
994553646024
994773341538
994776229929
994556044225
994552347733
994503690776
994507774900
994708907360
994506108833
994510502700
994515123079
994505421981
994558213174
994709669942
994506160605
994505159185
994557163644
994506625190
994503971895
994505789757
994703858078
994776003713
994707408007
994775205381
994552119711
994518338838
994557060604
994552813154
994553796169
994505313235
994506379224
994553323380
994503314475
994773143606
994705581445
994559246993
994774658426
994703551575
994555584058
994502874747
994773079565
994555608041
994505407476
994705118088
994504054058
994504848466
994505593502
994709006250
994709706350
994777484010
994557384818
994517608365
994504876597
994556992720
994507752542
994554859185
994557172856
994509911460
994512703475
994519969899
994775098108
994772182019
994504578919
994775319162
994515317212
994503163015
994557464159
994553717570
994506605293
994504220758
994703331018
994503875544
994557328107
994504054003
994503815877
994556227957
994773130068
994519924217
994518758010
994515224231
994519277100
994559358286
994556005262
994504776733
994503957224
994513575858
994776111192
994703976397
994517508500
994776228886
994777213167
994518585889
994554066010
994507904674
994518230102
994513604865
994556024457
994557765582
994503746323
994558633133
994506836052
994557127614
994554853948
994704484494
994507254619
994505272875
994516304826
994702820001
994507313223
994505001199
994507741740
994518576371
994557213442
994506627673
994505132406
994552031002
994777600303
994559160207
994556920280
994556368648
994505191117
994553372060
994558934328
994554066706
994552000787
994503256159
994553044924
994707475118
994505587788
994708340525
994708718488
994708400464
994553344899
994556001537
994505641571
994702610115
994504570454
994554260419
994558806061
994559536264
994519093390
994556612353
994553403531
994504990029
994516924215
994505979444
994518703330
994556019488
994558778195
994505905219
994555222776
994702257700
994518103689
994515099911
994552643333
994507415321
994504552643
994506772738
994507318463
994557418471
994559657524
994506436769
994553061474
994554066850
994558917373
994557360606
994516453462
994775230101
994703239068
994515798935
994775292114
994517775224
994506695170
994556104052
994707709933
994514366985
994705093967
994702927929
994556468151
994554743630
994775710852
994558494949
994558039187
994552959077
994514349224
994557065755
994513321600
994556898317
994505590861
994706344141
994773663694
994503157599
994512772248
994505375125
994553935543
994506845136
994559390483
994774425320
994777300002
994515835273
994709360094
994553287037
994707132290
994707959577
994776054100
994709307322
994552218044
994506828319
994513819471
994707248585
994505912172
994557328966
994505046638
994555255502
994509995112
994505465460
994503858570
994505916593
994508737011
994518230550
994556279238
994505901061
994503864772
994554860551
994552207181
994517891127
994557279984
994556966636
994775611388
994558314849
994503273580
994556148284
994519754063
994506030735
994553251772
994504030314
994506733972
994502121756
994556228212
994557618502
994513096007
994555813767
994506025058
994703879440
994505477831
994775595956
994557779222
994554090594
994557753778
994775098915
994555142327
994505360200
994558020296
994709021785
994502999590
994707180865
994559220225
994559937077
994554122649
994703181862
994555189918
994505326701
994773304544
994503926687
994504354444
994504237289
994554310597
994504054063
994506752477
994559014803
994557242280
994502523268
994503250605
994504329151
994552580621
994776127097
994503346800
994506414373
994555652110
994553333530
994505182290
994509890659
994553358840
994556340141
994774661143
994554446688
994506325850
994506637785
994557685266
994505809663
994502826405
994708720211
994702720702
994556708978
994708171985
994554949279
994555575151
994505115753
994552800323
994552046050
994513669546
994554946454
994708178797
994513924588
994555809796
994503689263
994513799797
994555355110
994558269275
994504828528
994503977006
994503466377
994503164600
994502233775
994506596750
994553667700
994705659932
994774048201
994554212176
994513351586
994503890200
994518699303
994556585359
994557862616
994552901271
994554165268
994505214742
994504714532
994554965036
994503622725
994555817482
994505112747
994556114667
994514939600
994705592112
994502231394
994773237119
994552076303
994503945538
994559695555
994503002264
994505386193
994507957193
994558060605
994555084448
994705815014
994775101006
994506888989
994518424124
994557706303
994515335153
994507478854
994555343376
994555712742
994505324045
994552179138
994559390441
994552584025
994504765015
994706765044
994507710378
994559928262
994703502909
994703851204
994506487124
994706074373
994557617193
994513010492
994509890710
994505181344
994555431363
994503745148
994702905400
994558992525
994505816268
994504737517
994558311817
994507233636
994703181211
994554920849
994706497435
994506362600
994503616423
994505756100
994502247063
994555596555
994557957237
994707879728
994702003949
994557469019
994516963195
994555922990
994705591829
994556187215
994553202194
994707882088
994703752525
994703030287
994702418707
994512529923
994707254981
994507684414
994707123705
994552457315
994505698880
994557151365
994702620022
994554237564
994558803971
994557392946
994558686142
994504333725
994502040446
994504164864
994518801392
994559351910
994706030000
994503863638
994775065494
994504799585
994554126262
994558687130
994517281131
994709508032
994506878297
994557170650
994503455695
994556563076
994555419005
994502642900
994503330400
994514864141
994502923744
994506850882
994509709488
994557710859
994504805544
994555735127
994774062625
994505126497
994557267115
994505957618
994515283852
994558953042
994512709556
994506455280
994708341768
994558694448
994557383535
994504230510
994552221627
994559745444
994777000045
994708212380
994702843999
994558034878
994708855564
994505027206
994559095547
994559118255
994518109292
994555704648
994507937958
994506110045
994559642663
994508556320
994557640291
994708426800
994557094340
994705798226
994552102337
994502331124
994505560477
994558758735
994503088787
994552000763
994555359139
994553266557
994558416421
994552102150
994557146447
994555355982
994503949596
994503267042
994559538833
994708654604
994504758008
994557336447
994773918585
994503248377
994556445826
994708006033
994505870230
994506828416
994708738816
994503049962
994504077000
994552142327
994708578646
994705742087
994505011499
994553670710
994552351885
994559772276
994553570171
994506268169
994504406776
994503596253
994504611821
994513415157
994558719768
994505870240
994504305523
994554142526
994553770393
994552211278
994504677242
994555647037
994504866212
994558068420
994504301829
994505246182
994556807084
994559510326
994706174666
994775362112
994512016150
994503770847
994703222329
994553449819
994503281991
994552165095
994504877989
994506424214
994503141955
994505696769
994514925837
994505747890
994506957795
994503777737
994708910970
994774600287
994556355055
994709664786
994517752082
994505016483
994506375052
994772700409
994707950604
994556449190
994505961270
994705729511
994554858484
994557732829
994705765758
994505887885
994558835658
994557340199
994554776689
994503895585
994506804026
994552755161
994554941229
994556506675
994557108173
994709101012
994559915446
994706284798
994706450065
994503405054
994513814963
994553731369
994555785450
994559430615
994707111335
994553419675
994775657525
994555450030
994557654301
994512072695
994515129541
994515129541
994503004095
994507628998
994507628998
994503984790
994503984790
994517764203
994517764203
994512016768
994502410566
994997200705
994515333035
994559380507
994502200071
994705906160
994502107073
994552254016
994554448787
994554440550
994554446116
994506251842
994504954114
994772777796
994772777796
994554443003
994502753434
994503135556
994503514665
994505570072
994554406868
994506145066
994559746867
994552248000
994507146504
994556965454
994552808202
994552858202
994502299500
994507565755
994707050016
994505900141
994505900141
994554335371
994554054571
994502523323
994502523323
994519615161
994552041915
994502570386
994557174147
994507147997
994503256633
994503256633
994502532978
994508822652
994557845665
994703050027
994556872676
994506471575
994503189966
994552667230
994552667230
994503444443
994515818489
994514188998
994504294227
994558089949
994514529992
994702249925
994513206195
994706163333
994706163333
994502255130
994502255130
994502783378
994503695646
994554804949
994555257833
994552158439
994552158391
994559792110
994559792110
994554409837
994505277836
994506929775
994555089992
994555089992
994517513135
994703560646
994518980707
994554143833
994554143824
994507219742
994509980330
994558853200
994502863579
994554143878
994519870929
994503156740
994505791120
994552102091
994552281617
994552886677
994552121327
994552121327
994504921650
994517698802
994517698801
994557783388
994553898589
994552158532
994556272575
994552823588
994504464002
994504464002
994554409837
994555257833
994555621134
994557422023
994559746116
994554689546
994554949588
994503081050
994503860009
994504072276
994504141515
994515101510
994506870035
994552250990
994702279832
994773151122
994556123863
994553070749
994558420207
994702008402
994553755000
994552506401
994504908185
994502251509
994558420207
994552092399
994552339923
994552133977
994705005051
994702323732
994552010557
994702204060
994702204060
994557647115
994777148000
994702235343
994555558118
994552506408
994552506407
994559950292
994554102777
994552243462
994555873242
994556350455
994558999295
994706066605
994503003888
994504028840
994552156682
994707140144
994552506420
994557185343
994503211884
994556535377
994777439680
994552155530
994515618157
994505777181
994513919193
994515501263
994552032033
994505289248
994703905526
994505656505
994558481444
994518680060
994558369484
994504128811
994558965100
994557875001
994504255752
994509868485
994514008356
994558965100
994553190013
994505286501
994559024157
994505727778
994558893910
994702751525
994555441077
994553103335
994552822722
994504568799
994772354304
994559894310
994502288896
994552221000
994552728418
994554142899
994705068086
994503005315
994555009539
994553005710
994555009530
994555009577
994555009507
994555009538
994555009528
994555009575
994555009511
994555009554
994555009543
994555009585
994555009540
994555009573
994555009501
994555009508
994555009512
994555009556
994507111333
994555009524
994559679907
994507155464
994503111534
994502115129
994505289700
994552835020
994552545020
994554095020
994552065020
994553009914
994552082050
994552555020
994552135020
994552865020
994552535020
994552825020
994502455267
994554092050
994552050855
994552050243
994553009958
994552159420
994556349959
994552050746
994552900401
994552354583
994552354583
994703141022
994703141022
994777635036
994506427068
994507536827
994507536827
994552979290
994702994946
994502132221
994553657711
994556001152
994502465005
994554573653
994502716677
994503710004
994503710004
994774601731
994505767445
994504444133
994504444133
994512500880
994512065266
994512067812
994512067812
994503003433
994512500970
994512550880
994705738800
994502184907
994702011696
994503177898
994502703309
994502703323
994502703323
994502703323
994502708587
994505565550
994552991001
994503181157
994502040970
994515620380
994502072505
994512017551
994502866699
994512068261
994507440506
994502870094
994512051889
994519088090
994512063261
994512449898
994509740303
994507473872
994555743787
994555743787
994506368746
994502257223
994506442152
994506166507
994506691260
994506688230
994513855494
994554974145
994505067585
994502295223
994556449592
994506375430
994503430053
994502958888
994709948871
994506735370
994507093407
994553855014
994504111048
994502456874
994502296665
994502257208
994502205439
994502502411
994502258564
994502359849
994502502436
994504565426
994552875626
994504188592
994507440083
994552788445
994552541497
994517143210
994507617398
994555477413
994513451688
994502183694
994506769002
994503143839
994508749999
994559173147
994502658143
994556331673
994505438292
994559626895
994502258292
994505698225
994502250058
994502508499
994504084284
994558957595
994553395033
994557883832
994503984779
994703773232
994552750055
994502657253
994556741604
994503730086
994505505753
994505207148
994503257490
994506326286
994503281765
994502202637
994502257281
994502321086
994502321085
994506135911
994552939963
994505540647
994503728842
994552530707
994502295221
994515152552
994703434404
994505220742
994502221477
994508665551
994556841955
994503917542
994505179203
994505032277
994556651507
994506721335
994513024983
994505158500
994502296694
994503552811
994505916718
994552321085
994707179179
994519764636
994519019299
994502912997
994503717041
994505156750
994558544481
994503174593
994556122222
994505363588
994556781485
994519813756
994558985878
994503204532
994507024252
994519273774
994503749310
994557838081
994502655785
994507873739
994557301840
994504128382
994502230777
994558131135
994516982458
994506284970
994502257206
994502221477
994556263326
994515222682
994513324010
994507024252
994554636367
994558033977
994508995669
994502904494
994515768000
994552177610
994555912261
994513413402
994506286376
994502149001
994503388308
994552357954
994508864006
994503531047
994504090442
994503634165
994506105487
994558397464
994502080857
994504921511
994505002706
994556640424
994558033522
994708608447
994502156334
994502558206
994502453709
994502285231
994513555159
994513555159
994502108569
994517854358
994515989989
994702660195
994502136904
994702229156
994559552858
994507484289
994507586766
994557775279
994507975626
994554218105
994513819628
994502546254
994506555554
994516910696
994557005014
994775710502
994775776209
994504947484
994558767687
994556569074
994553270011
994555531212
994552002294
994502183764
994502253985
994508958020
994506972231
994506425647
994502228987
994552596404
994555237366
994502866809
994502010081
994512402008
994512529937
994512402021
994512402269
994556365533
994502788804
994515290949
994502554083
994512402016
994993330040
994512402031
994502184002
994503888887
994512402046
994512402262
994516900586
994512402082
994512402089
994512402211
994505323434
994556126134
994512402033
994505420085
994502208802
994556073550
994512402267
994504836850
994555556697
994993085999
994996441515
994773833800
994507464444
994505393353
994702505500
994773258595
994555466233
994558940403
994552345486
994507988485
994514862705
994558534893
994512402050
994512402056
994507227229
994558406065
994512402054
994512402057
994512402058
994556303305
994514505141
994777223212
994702449794
994507250938
994513071963
994512402259
994506656111
994518833383
994559192415
994554156131
994706600623
994705676787
994555436332
994553185313
994706302779
994105158085
994703287619
994508710952
994512402064
994512402248
994512402254
994512402243
994706884604
994517992165
994503572635
994505113022
994702554466
994557516113
994706434696
994706622991
994555343592
994777454748
994777304439
994777412229
994773122341
994777620779
994705991059
994507514815
994515856779
994105120101
994708312937
994512402250
994552530399
994704222211
994557401420
994512402074
994706007100
994503845994
994554870491
994506983321
994506402126
994512402072
994705794419
994503432654
994503705733
994707778229
994503570751
994518022153
994702696790
994559507547
994773484349
994512402017
994513797353
994559370603
994512402061
994512402060
994709360231
994707203239
994512402227
994512402233
994512402231
994512402234
994512402235
994703935543
994557983421
994504704477
994506644552
994508407630
994503389588
994556201219
994709984598
994503165389
994512402240
994504117474
994773109191
994515477771
994553289363
994776338433
994708922627
994506607744
994504053000
994502184098
994515303481
994553931108
994554411264
994557788858
994552256285
994552167205
994554250335
994552147860
994517991199
994507461177
994557519480
994557700889
994513803620
994552543734
994552543734
994502261502
994506301792
994602353435
994515412175
994502635909
994555515116
994554251672
994702708833
994705010166
994513800024
994502109093
994507287447
994503263593
994502184541
994555105445
994558077876
994512505479
994502409267
994519757568
994506479007
994505363625
994553419912
994103191718
994702203009
994509642923
994506120747
994554918393
994505555065
994773029523
994773037557
994512328891
994507120890
994554038633
994552506116
994507350050
994555902929
994707707701
994707399213
994775393900
994508987773
994502310808
994708046664
994557949999
994516051151
994503100052
994502951647
994552082517
994553407735
994559353335
994552099092
994555509210
994555821600
994558048129
994513470000
994702252029
994775277731
994516999911
994503102200
994773037557
994502702730
994502873318
994503439007
994503870105
994502097794
994506696119
994506797169
994503317705
994512072303
994518302727
994503009223
994512504940
994512504939
994505194455
994512072300
994512072300
994512291921
994702092508
994502209427
994502359560
994515883326
994503131618
994703102668
994998888785
994508878817
994503362515
994505311214
994518142124
994502459272
994514085242
994503832875
994506443018
994503988088
994503988088
994505877710
994502504741
994502459981
994552208013
994512505799
994503221981
994557980067
994502508286
994502188566
994502913230
994505009999
994777500034
994506651970
994506651970
994505095328
994503008636
994502554200
994503044200
994502019179
994502507939
994503268135
994503268135
994502181139
994517234837
994512505796
994512505796
994512072308
994516708489
994502552965
994505183824
994512072307
994512072307
994512072306
994505429950
994553337350
994504888863
994552272254
994512505795
994504220933
994505401383
994505401383
994502700107
994502874847
994502874847
994512508066
994504021001
994507130994
994507130994
994502507875
994502507875
994503901990
994503828721
994513087365
994503087365
994519809988
994519809988
994708493035
994708493035
994705286918
994705286918
994553515411
994513972502
994506450758
994506450758
994505852233
994503387285
994553446060
994552559752
994505168682
994503593611
994503593611
994503555492
994505050522
994505050522
994502825524
994502825524
994552206370
994552313182
994515507122
994515507122
994503197982
994503197982
994503877292
994503746086
994553583399
994502357566
994513400440
994503307465
994503307465
994512072309
994503988088
994505917745
994557149890
994507904575
994503364528
994503364528
994505188158
994502357567
994506890755
994503900467
994518977292
994504241931
994515357246
994502294979
994602517215
994503148826
994503148826
994512508061
994502266278
994512505790
994503404064
994503404064
994512508067
994512508067
994517167676
994777167678
994502256814
994506677800
994504921449
994503302846
994512055231
994512055231
994515106677
994515106677
994505011663
994505669265
994505182397
994502071824
994552096886
994507127668
994507127668
994504960749
994507337667
994502256833
994502256835
994502256835
994504374417
994504374417
994503970758
994507938889
994556606179
994502517218
994502867912
994555571589
994506165700
994505920541
994703442422
994512302747
994504005055
994502511011
994552090939
994503197691
994503616333
994503712835
994517412300
994503002979
994503302846
994503825940
994504401670
994504401670
994505346017
994503633458
994503633458
994503510536
994503510536
994553331664
994505284781
994518303182
994504144226
994512063227
994553700958
994703712840
994503712840
994519818861
994506032653
994503481534
994503481534
994502865392
994504862012
994504415758
994504235716
994518189718
994518189738
994503766087
994513222165
994503856641
994503856641
994505264933
994506714453
994504466127
994707175744
994505580989
994553056507
994503916234
994553291084
994512072304
994512072304
994505240762
994505240762
994507317827
994558066472
994556920415
994519574432
994503275871
994559655455
994503571092
994503571092
994519955089
994506726919
994504327497
994519098490
994557600225
994557600225
994507755014
994997889198
994707889198
994505495300
994507938230
994506822864
994506822864
994505983305
994506445721
994503480797
994555163097
994556446164
994513807370
994503221681
994513234804
994513234804
994506326897
994513000091
994552148699
994504553200
994507508941
994503314622
994503633887
994514402456
994505923408
994505923408
994505275531
994505275531
994506811865
994514769581
994503584288
994503584288
994556842966
994556521026
994504374358
994506603361
994519646470
994506822628
994505204776
994505204776
994776099555
994558558885
994558558885
994504580216
994504580216
994504064708
994502825523
994502825523
994519267331
994554001408
994509914772
994704027991
994507280312
994502876081
994505619784
994775655274
994503251878
994503251878
994519219925
994505852247
994705082558
994503440714
994503440714
994503510596
994708014757
994708014757
994504115339
994504115339
994502540971
994516221715
994502839590
994502839590
994502410641
994502410641
994776287129
994503307589
994506481570
994502952100
994502952100
994552054415
994552054415
994503184090
994519692325
994774010202
994559002643
994513108024
994504900381
994504900381
994505229375
994507343875
994506428429
994506428429
994502862773
994505418045
994552027851
994504430487
994518335517
994552139058
994557699148
994504595944
994518977292
994502549491
994515700864
994503804082
994515707754
994505275434
994502874822
994502284744
994552253103
994558131319
